1.622984887, 306, 107, 347, 96, 295, 74, 41, 11, -11, 33
1.781078910, 307, 108, 349, 97, 296, 74, 42, 11, -11, 34
1.825330128, 307, 108, 349, 97, 296, 75, 42, 11, -11, 33
1.896131200, 307, 108, 349, 97, 296, 74, 42, 11, -11, 34
1.963762860, 307, 108, 349, 97, 296, 74, 42, 11, -11, 34
2.25358800, 307, 108, 349, 97, 296, 74, 42, 11, -11, 34
2.87702549, 307, 108, 348, 97, 296, 74, 41, 11, -11, 34
2.157630299, 307, 108, 348, 97, 296, 74, 41, 11, -11, 34
2.217727988, 307, 108, 348, 97, 296, 74, 41, 11, -11, 34
2.295064489, 307, 108, 349, 97, 296, 74, 42, 11, -11, 34
2.359051604, 307, 108, 349, 97, 296, 74, 42, 11, -11, 34
2.433068021, 307, 108, 349, 97, 296, 74, 42, 11, -11, 34
2.488628826, 307, 108, 349, 97, 296, 74, 42, 11, -11, 34
2.552665971, 307, 108, 349, 97, 296, 74, 42, 11, -11, 34
2.616529621, 307, 108, 349, 97, 297, 75, 42, 11, -10, 33
2.695149042, 308, 108, 349, 97, 297, 74, 41, 11, -11, 34
2.759283613, 310, 107, 352, 97, 300, 73, 42, 10, -10, 34
2.820933386, nan, nan, nan, nan, nan, nan, nan, nan, nan, nan
2.888645503, 324, 98, 366, 90, 317, 58, 42, 8, -7, 40
2.950112420, 322, 95, 367, 89, nan, nan, 45, 6, nan, nan
3.11546569, nan, nan, nan, nan, nan, nan, nan, nan, nan, nan
6.356554812, nan, nan, 190, 43, nan, nan, nan, nan, nan, nan
6.419145490, nan, nan, 190, 41, nan, nan, nan, nan, nan, nan
6.488763993, nan, nan, 190, 41, nan, nan, nan, nan, nan, nan
6.548985440, 150, 47, 193, 41, 154, 17, 43, 6, 4, 30
6.611610934, nan, nan, 192, 40, nan, nan, nan, nan, nan, nan
6.681602464, nan, nan, nan, nan, nan, nan, nan, nan, nan, nan
6.820782420, 154, 45, 191, 43, nan, nan, 37, 2, nan, nan
6.888658083, 154, 45, 191, 43, nan, nan, 37, 2, nan, nan
6.948294682, 153, 45, nan, nan, 156, 17, nan, nan, 3, 28
7.12178520, 153, 45, nan, nan, 156, 17, nan, nan, 3, 28
7.156632928, nan, nan, nan, nan, nan, nan, nan, nan, nan, nan
7.221547783, 151, 48, 192, 43, 156, 17, 41, 5, 5, 31
7.288945387, 151, 48, nan, nan, 155, 18, nan, nan, 4, 30
7.350077311, nan, nan, nan, nan, nan, nan, nan, nan, nan, nan
7.413668579, 153, 45, nan, nan, 156, 17, nan, nan, 3, 28
7.557480211, nan, nan, nan, nan, nan, nan, nan, nan, nan, nan
7.620438942, 153, 45, nan, nan, 156, 17, nan, nan, 3, 28
7.684290305, 153, 45, nan, nan, 156, 17, nan, nan, 3, 28
7.748521424, 153, 45, nan, nan, 156, 17, nan, nan, 3, 28
7.812450903, 153, 45, nan, nan, 156, 17, nan, nan, 3, 28
7.957122690, 153, 45, nan, nan, 156, 17, nan, nan, 3, 28
8.20868143, 153, 45, nan, nan, 156, 17, nan, nan, 3, 28
8.84640511, 153, 45, nan, nan, 156, 17, nan, nan, 3, 28
8.149017037, 153, 45, nan, nan, 156, 17, nan, nan, 3, 28
8.212131124, 152, 48, nan, nan, 156, 17, nan, nan, 4, 31
8.277858445, 153, 45, nan, nan, 156, 17, nan, nan, 3, 28
8.341677040, 153, 46, nan, nan, 156, 17, nan, nan, 3, 29
8.422275112, 152, 49, nan, nan, 156, 17, nan, nan, 4, 32
8.485046891, 151, 48, nan, nan, 156, 17, nan, nan, 5, 31
8.550285328, 153, 46, nan, nan, 156, 17, nan, nan, 3, 29
8.613007663, 153, 46, nan, nan, 156, 17, nan, nan, 3, 29
8.677214791, 153, 46, nan, nan, 156, 17, nan, nan, 3, 29
8.741787339, 153, 46, nan, nan, 156, 17, nan, nan, 3, 29
8.820794122, 153, 46, nan, nan, 156, 17, nan, nan, 3, 29
8.885466144, 153, 46, nan, nan, 156, 17, nan, nan, 3, 29
8.949520258, 153, 46, nan, nan, 156, 17, nan, nan, 3, 29
9.13849387, 153, 46, nan, nan, 156, 17, nan, nan, 3, 29
9.76290270, 153, 46, nan, nan, 156, 17, nan, nan, 3, 29
9.141770077, 153, 46, nan, nan, 156, 17, nan, nan, 3, 29
9.222801153, 153, 46, nan, nan, 156, 17, nan, nan, 3, 29
9.285512955, 153, 46, nan, nan, 156, 17, nan, nan, 3, 29
9.350875735, 153, 46, nan, nan, 156, 17, nan, nan, 3, 29
9.414924875, 153, 46, nan, nan, 156, 17, nan, nan, 3, 29
9.477564998, 153, 46, nan, nan, 156, 17, nan, nan, 3, 29
9.542322157, 153, 49, nan, nan, nan, nan, nan, nan, nan, nan
9.621522037, 153, 46, nan, nan, 156, 17, nan, nan, 3, 29
9.685833612, 153, 46, nan, nan, 156, 17, nan, nan, 3, 29
9.750404112, 153, 49, nan, nan, nan, nan, nan, nan, nan, nan
9.814431894, 153, 46, nan, nan, 156, 17, nan, nan, 3, 29
9.879063249, 153, 49, nan, nan, nan, nan, nan, nan, nan, nan
9.941464634, 153, 46, nan, nan, 156, 17, nan, nan, 3, 29
10.20649300, nan, nan, nan, nan, nan, nan, nan, nan, nan, nan
10.84741155, nan, nan, nan, nan, nan, nan, nan, nan, nan, nan
10.149718913, 152, 49, nan, nan, 156, 17, nan, nan, 4, 32
10.212752835, 153, 46, nan, nan, 156, 17, nan, nan, 3, 29
10.277412569, 153, 49, nan, nan, nan, nan, nan, nan, nan, nan
10.341207173, 153, 49, nan, nan, nan, nan, nan, nan, nan, nan
10.422291788, 153, 46, nan, nan, 156, 17, nan, nan, 3, 29
10.485015586, 153, 49, nan, nan, nan, nan, nan, nan, nan, nan
10.550746126, 153, 46, nan, nan, 156, 17, nan, nan, 3, 29
