Prediction Iteration Method
6,6,1000,tree,13.48,2.30
6,6,1000,knn,17.45,6.20
6,6,10000,tree,127.33,9.60
6,6,10000,knn,266.92,10.10
10,10,10000,tree,241.66,1.50
10,10,10000,knn,418.41,2.20

Prediction Method
6,6,1000,tree,11.77,21.90
6,6,1000,knn,19.14,51.70
6,6,10000,tree,123.62,98.30
6,6,10000,knn,242.96,99.10
10,10,10000,tree,205.77,18.60
10,10,10000,knn,413.41,43.00

Delta Method
6,6,1000,nb,7.68,66.50
6,6,1000,tree,8.69,46.60
6,6,1000,knn,12.61,57.00
6,6,1000,discr,13.59,100.00
6,6,10000,nb,99.88,75.30
6,6,10000,tree,139.94,53.50
6,6,10000,knn,105.45,46.90
6,6,10000,discr,78.01,100.00
10,10,10000,nb,506.11,51.90
10,10,10000,tree,581.31,33.40
10,10,10000,knn,514.24,37.30
10,10,10000,discr,548.66,100.00
6,6,100000,nb,881.68,37.70
6,6,100000,tree,807.14,97.30
6,6,100000,knn,797.56,52.90
6,6,100000,discr,968.17,100.00

Delta Method (w/ Popularity)
6,6,1000,tree,56.80,49.30
6,6,1000,knn,56.64,72.40
6,6,1000,discr,56.12,100.00



Model Patern Iteration
6,6,1000,tree,128.39,63.70
6,6,1000,knn,123.18,83.10
6,6,1000,discr,137.60,93.00
6,6,10000,tree,12121.27,100.00

